-2.21957 -0.807076
-1.79821 2.69098
-2.32138 0.758084
-1.75443 2.44789
-0.4168 3.76185
-1.98468 1.17974
-3.57416 1.06209
-1.00898 4.22895
-3.24362 0.666939
-5.83868 1.19033
-0.471165 1.27612
-2.94343 2.50938
-2.18196 1.4435
1.16329 1.56892
-5.45216 1.90771
-3.58902 4.18254
0.0314896 1.63509
-0.612008 4.27341
-1.70375 2.65925
-0.486703 2.65842
-1.03139 -0.528981
-2.19222 4.66465
-2.92079 1.1264
-1.29521 3.00274
-2.15554 2.93607
-1.77592 4.30591
-0.243996 -1.07509
-0.382628 3.75794
-4.1821 0.326719
-1.79541 -0.571939
-0.313668 -0.219632
-4.60978 -0.38041
0.223703 3.13226
-3.09179 1.8308
-0.523648 0.443827
-1.51005 1.88529
-5.12604 2.36482
-1.41615 2.68264
-1.58721 2.40863
2.37442 -2.80696
0.793368 3.58316
-5.14252 2.46555
-2.00184 0.378269
-1.39275 4.12795
-2.60022 1.4627
-0.610857 2.18911
-1.41816 1.04802
-2.85435 3.32337
-3.01566 4.03572
-1.69374 -1.6795
-2.47299 1.08719
-2.56988 4.03575
-1.97064 1.86313
-0.0146109 1.68779
-4.41813 3.17782
-1.5775 1.52562
-1.4693 -0.66164
-2.40741 1.91148
-4.30584 2.57996
-2.08086 2.19373
0.314616 2.11448
-2.58206 1.03262
-4.5226 1.42447
-3.35047 1.11862
-2.19558 3.51521
-5.56096 0.528314
-1.30241 -0.323715
-0.237451 0.583534
-2.78676 4.28939
-0.408192 0.369275
-2.5926 3.32998
-4.80409 1.96313
-1.57848 1.57666
-2.64588 3.47273
-2.34028 2.20557
-0.979905 0.311307
-2.25722 4.2718
-2.05926 1.81024
-1.95396 3.47492
-2.55238 1.77541
-2.87723 4.12949
-2.64888 1.80823
-3.05674 4.72254
-1.62759 3.7265
-0.0133228 3.52349
-3.27413 3.75078
-2.12321 1.90604
-2.13364 1.147
-1.32406 3.42514
-2.75568 1.24686
0.735437 2.36923
-3.40143 1.49337
-0.672708 1.6275
-3.18165 1.41873
-3.37446 2.79159
-3.92806 -0.0434444
-3.87446 1.52824
-2.59498 0.205413
-4.10869 1.15377
-0.567941 2.65392
-2.44093 3.69815
-1.9242 0.904173
-3.05261 2.8529
-2.59036 1.33845
-1.99933 0.775726
-2.16952 1.64842
-3.32013 0.878965
0.00751343 2.03575
-3.05482 -0.219014
0.633532 1.11187
-2.15703 1.12364
-1.71047 5.53787
-5.39736 0.234376
2.25313 0.843638
-1.90528 0.758267
1.85165 3.1457
-3.72457 2.93135
-3.76637 2.07147
-0.52889 2.92898
-3.85137 0.616481
-2.18339 0.578687
-0.971907 2.56879
-3.67728 -0.455703
-5.87933 2.05685
0.229031 0.147861
-0.778642 1.38632
-2.65393 3.15899
-0.946761 2.33239
-4.00519 3.61887
-1.90562 1.29848
-0.66967 0.0522902
-2.86949 1.95717
-2.43662 0.120641
-1.47793 2.73873
-0.584372 2.65661
-2.40265 2.08901
-1.5982 5.08512
-3.50631 4.51237
-2.54418 3.21446
-3.08931 0.686027
-1.30792 1.46802
-2.67421 3.08407
-0.721529 0.960674
-0.243902 5.20962
3.02392 0.800952
-2.35964 0.19505
-2.78259 2.98333
-2.96041 4.32453
-0.983849 -0.374087
-1.44248 1.80304
-1.66265 1.98773
-2.91995 2.22362
-1.88695 2.94514
-0.593143 0.974026
-0.851742 3.34663
-2.35309 1.32956
-3.91781 2.16517
-0.237739 1.14144
0.353179 1.31284
-2.07189 -2.12163
-2.77345 2.29675
0.0311372 1.0561
1.34097 0.203419
-1.27549 0.460438
-1.80883 0.237077
0.673752 0.838271
-0.322006 2.34907
-0.765063 1.18898
-2.57901 2.29065
0.793907 -0.55747
-2.0742 0.576644
-3.64771 3.38088
-5.7879 1.14857
-3.13684 2.21785
-2.03201 0.997184
-0.619883 3.48296
-4.25611 2.08843
-2.42068 -0.356398
-0.693116 1.98808
-3.91413 1.80872
-2.07839 0.968308
-1.31094 0.495316
-2.91595 1.43375
-0.887969 -1.84311
-4.21172 3.48547
-1.68694 0.559274
-1.59868 1.11234
0.396243 3.59422
-0.592171 3.56117
-1.65956 4.66092
-2.48803 2.63244
-3.10503 5.08896
-1.7292 -0.0811008
-2.56078 1.52885
-3.62624 3.42077
-3.94573 1.42548
-1.29139 2.9056
-1.00973 0.931181
-2.82101 2.57851
-3.69147 2.78319
-2.79145 3.82129
-4.98676 2.29241
-2.5299 1.62177
-2.40227 -1.90046
-0.0990254 2.41933
-3.04703 2.40535
-2.21658 1.43098
-2.73284 2.13864
0.162514 2.2072
-0.93996 2.57494
-2.29314 0.913355
-1.47488 1.46769
-1.274 4.01809
-2.51967 2.37034
-0.962247 2.66359
-1.99134 0.616201
-1.62812 1.96061
-1.89488 4.2417
-2.14107 2.40199
-0.47016 3.09997
-1.70755 0.35973
-3.35636 3.85909
-5.81145 2.33282
-3.62568 3.80936
-3.47332 1.91442
-1.41653 1.33266
-3.26674 3.27154
-1.90772 3.06703
-3.18066 -1.32018
-2.90757 -0.779129
-1.20931 1.23747
-3.47106 0.572685
-2.6248 0.748425
-2.87649 1.28445
-2.66466 4.17989
-2.12926 1.564
-2.71044 0.867939
-2.39577 2.95951
-0.0256779 1.87071
-1.43513 5.91341
-1.57576 0.935593
-3.942 3.27624
1.17312 1.84238
-0.210889 1.28627
0.498087 0.537016
-4.54705 2.4302
-6.3407 2.06469
-3.35698 2.21321
-3.11995 3.11368
0.62821 0.392822
-1.86355 3.82867
-2.01776 0.785229
-1.23895 1.53377
-0.8588 3.60811
-4.34613 0.928367
-3.81143 4.33379
-2.74455 0.32547
-1.71905 1.33243
-3.62709 1.88138
-2.48932 1.45916
-2.17054 3.2708
-3.37015 1.89711
-0.622023 3.88412
-0.731538 3.24819
-2.97631 3.47814
-2.17387 1.12771
-0.580322 1.28617
-2.33595 2.29043
-2.87954 1.20586
-2.35815 3.80759
-2.39845 4.7466
-2.1928 1.91787
-0.74947 1.06757
-2.29462 1.73064
-0.492394 0.36222
-2.58514 1.64118
-0.878631 1.83078
-5.50909 1.53899
-1.53264 -0.801902
-2.41859 0.846257
-3.21998 3.47703
-3.74937 -0.777786
-3.05982 1.26288
-0.397626 0.248254
0.0821206 2.28852
-0.62517 3.01318
0.385597 1.22524
-1.01421 2.24244
-4.77862 2.95774
-2.48384 2.11104
-1.98446 2.30116
-3.67058 2.60069
-0.862014 0.150749
-1.61566 3.91504
-0.69432 4.8761
-3.87791 0.569912
-0.40659 3.95105
-2.88481 3.4299
-2.18921 4.15019
-1.69422 -0.417666
0.282815 3.38256
-2.04071 1.63373
-3.21675 0.974201
-3.41078 2.93655
-1.22172 1.98089
0.00249097 -1.63159
-1.86746 -0.494909
-2.1491 2.03142
-0.899161 4.84374
-3.34215 1.2011
-1.59958 2.7823
-1.04731 1.33467
-2.40564 1.03204
-0.225277 2.41278
-2.89612 0.971824
-1.55936 3.00567
-3.13798 2.02497
-2.25704 2.62286
-4.57194 3.62371
-0.934471 1.4715
-3.89012 1.36191
-2.66811 2.70491
-3.42863 2.30197
-3.53781 3.045
-3.41656 1.09712
-3.11023 1.62569
-2.82517 2.90432
-1.79572 -1.08582
-3.43601 3.11472
-1.55194 3.9163
-0.238996 2.44809
-0.859778 4.5776
0.282692 2.12955
-2.09264 2.64552
-2.30802 4.24123
-3.01738 1.81956
-2.70134 2.43529
-4.57866 -1.42273
-3.41311 1.46864
-1.63527 1.96458
-3.11698 5.07287
-2.45779 -2.01341
-1.46615 2.11751
-0.224124 3.29092
-1.75386 3.29684
-1.7643 3.03284
0.343656 2.17318
-1.13604 3.16193
-1.66382 3.09282
-3.27356 4.14698
-3.74268 3.48664
-3.51208 4.84207
-0.215251 2.0154
-1.15081 3.23991
1.133 4.90268
-4.41477 4.10521
0.175913 0.967672
-2.72204 2.01395
-3.93162 2.55399
-1.82904 4.93204
-2.49927 1.49329
-5.06354 0.537932
-0.200816 2.27969
-3.33886 1.23981
-3.25149 5.1514
-2.33565 1.91627
-2.28496 1.68606
-4.18761 0.639158
-2.04148 0.612508
-3.50771 -0.0541139
-3.26219 2.11913
-3.76631 0.865923
-1.30754 2.18139
-1.57684 2.79248
-1.59904 3.355
-2.24944 1.80836
-0.762433 1.23188
-4.93907 2.10574
-3.01076 2.41119
-0.202718 3.24001
-0.683561 3.67511
-2.59055 3.88559
-2.07806 2.31705
-2.37625 3.03869
-1.57444 2.54592
-1.60453 1.71115
0.739923 2.35776
-3.54581 1.97873
-1.70809 4.92908
-1.27857 -0.539979
-2.37563 -0.9291
-1.13278 2.38694
-2.70098 0.493517
-1.51956 0.303213
-4.59408 -0.587576
-3.31563 1.85149
0.199816 1.7412
-2.38459 1.6409
1.4392 2.35617
0.75861 1.111
-1.40846 1.73615
-3.42773 3.13928
-3.51039 2.71864
0.807871 3.8619
-2.77179 3.16676
0.699301 1.14197
-2.37936 1.54801
-1.82284 0.58015
-2.0364 2.27589
-2.29396 -0.897189
-4.45162 -0.247077
-4.30385 2.4191
-4.14134 3.448
-3.28786 -0.25843
-4.21607 2.63259
-2.56596 3.02016
0.659737 2.65795
-0.872282 1.27463
-0.66799 2.35049
-2.08496 3.26584
0.529081 2.23672
-2.88588 -0.322983
-1.16964 1.3238
-2.18811 1.92416
-2.26725 0.294485
-1.64479 2.06603
-1.51219 3.54835
-1.59301 2.74512
-1.24403 3.41716
-2.41478 2.80114
-0.926439 3.16956
-0.609318 3.80779
-4.05035 3.51147
-1.52653 4.01184
-1.23795 3.31753
-0.287017 3.02628
-2.62351 2.83979
-2.49911 3.37474
1.10508 4.45249
-2.80178 2.70439
-5.9455 3.37342
-0.197997 4.93635
-1.23672 2.59635
0.123714 0.775254
-3.7706 0.151851
-3.1984 2.55597
-0.22894 1.57316
-3.00513 2.84261
-3.24906 1.25812
1.89986 0.886732
-1.08725 0.442001
-3.42248 0.378618
-1.19342 2.83122
-3.08254 3.67353
-1.93882 2.61607
-3.31916 3.13939
-2.16891 2.54173
-0.527635 -0.988043
-3.94077 -0.0584617
-1.64008 0.991589
-4.30266 1.32549
-2.76513 4.47431
-3.28485 1.81919
-4.26473 4.23462
-2.1965 2.11125
-2.54106 2.49785
-0.20189 1.08658
-0.360801 1.11125
-3.49447 1.98041
-4.22639 4.64955
-1.42552 3.59271
-2.99956 1.10348
-3.32571 3.43673
-4.62396 -0.316601
-0.348723 2.4467
-1.00841 4.64501
0.0203164 2.40379
-0.773635 0.820075
-3.48484 1.6603
-1.78387 4.50483
-1.93133 1.86631
-1.29215 2.18213
-0.978682 1.69917
-0.740397 3.20051
-2.48036 2.16218
-2.62216 2.76603
-0.0274386 2.72591
-2.17119 0.586923
-0.823663 2.44167
-3.14301 4.63598
-4.01933 0.279059
-1.42322 1.79295
-4.14894 0.734818
-4.701 5.20554
-1.53848 1.08456
0.171669 3.41083
-0.0559433 1.64179
-3.50332 1.91557
-2.60272 1.37573
-3.2072 4.38337
5.8351 -2.93455
1.29371 -1.53226
1.90214 -4.1298
0.528105 -2.57449
1.69606 -1.94304
0.891978 -2.50815
4.47525 -0.894325
3.7992 -0.644162
-0.00234892 -0.107765
1.149 -3.50935
2.25461 -3.01765
4.05859 -2.53225
0.921893 -1.06635
4.11213 -1.08237
1.71099 -0.468171
3.35571 -1.68964
1.18791 -0.0182283
2.31812 -2.30953
3.808 -0.0621591
1.21376 -1.28369
2.80543 -1.97495
0.165028 -2.38886
3.27014 -1.98706
-1.80391 -0.0721892
1.53636 -3.72545
-1.0399 -4.21015
1.99013 0.279839
5.75214 -5.19433
6.46777 -1.33569
5.2179 -1.2605
2.57544 -2.52667
0.557692 -1.68978
1.55809 -1.25502
3.43415 -2.70622
-0.63727 -2.90775
2.46328 -1.64919
-0.111046 -3.42204
5.19228 -3.79825
1.9322 -0.407826
1.9769 -1.49731
3.75493 -1.65701
1.29274 -1.87463
0.474678 -3.31676
2.0281 0.161883
1.7533 -1.4955
-0.287697 -1.53049
1.6602 -3.2171
1.12765 -4.47614
0.163378 -2.10333
-1.35169 -2.33452
0.785083 -2.60371
2.11538 -3.64937
2.35769 -0.468778
4.92861 -3.68144
1.88229 -3.86069
4.06346 -1.40006
0.130759 -2.90293
5.1503 -3.83934
-2.18657 -1.30809
1.48412 -3.14097
0.633311 -2.13913
2.18297 -4.94744
4.22638 -5.56207
4.43848 -4.10988
0.349497 -0.202928
2.19952 1.00952
-1.91361 -1.68348
0.506301 -0.192113
0.872642 -1.06924
1.08541 -2.46853
2.62807 -0.764776
2.18553 -2.36899
3.8157 -2.42679
2.73738 -1.52133
1.22627 -3.04834
0.433011 -1.25721
1.61418 -4.64935
1.6194 0.116787
2.26833 -4.4393
1.14866 -3.95342
3.47695 -0.871121
3.64859 -0.0294084
2.08731 -3.24985
1.86495 0.928225
-0.348295 -1.03995
3.42359 -3.55386
3.99985 -0.214167
3.75697 -3.78339
1.89567 0.187058
4.25497 -1.41977
2.20712 -2.33704
2.84741 -4.05328
4.98341 -1.72081
0.827449 -1.19489
2.33265 -0.534982
0.912168 -0.0831327
2.50195 -2.63324
3.80603 -2.00996
3.97283 -3.45895
5.25865 0.362223
2.16222 -3.78737
-0.367503 1.08744
2.27543 -2.4718
4.38106 -1.66963
-0.296111 -3.14367
1.9286 -0.60833
1.51105 -2.0487
3.6606 0.233651
2.15085 -1.76759
3.0758 -1.85081
0.630366 -2.71884
3.19452 -0.767454
2.27997 -2.1592
4.75778 -2.5127
2.80669 -3.04466
4.61152 -2.653
3.15595 -1.90491
-0.285862 -3.81279
3.91902 -0.770827
2.2332 -3.87304
2.64669 -3.05015
2.63055 -0.978363
0.512006 -0.337252
0.635302 -4.60487
0.347384 -2.87051
2.99476 -2.2572
1.91988 -0.702608
2.30013 -0.764446
-0.510491 -2.15172
0.377661 -2.53282
5.31501 -0.518399
0.00610518 -3.28986
-0.468546 -1.69619
2.10287 -3.08884
3.18755 -2.91737
3.23017 -3.32325
3.42056 -0.2975
0.429453 -1.46433
3.23995 -1.3821
1.58312 -0.462358
0.441291 -2.35143
0.202026 -4.54005
1.43609 -2.90318
0.642456 -1.91749
0.329256 -1.40569
1.8474 -0.401535
3.15459 -1.64766
1.71663 -1.29306
0.467305 -0.796117
1.13481 0.187972
2.4489 -4.2305
1.73117 -3.5859
-0.140437 -3.95583
1.39083 -6.97293
2.39108 -3.54135
3.83229 -0.923737
2.68047 -3.10832
2.70806 -4.70862
1.6937 -3.03943
3.76139 -4.31176
1.35946 -1.91156
-0.732629 -1.59087
1.66276 -1.33667
1.45938 1.18438
1.58173 -1.82663
1.28678 -2.08389
2.39255 -0.260733
0.590083 -0.416922
5.19497 -4.21633
2.69424 -0.722353
5.73718 -1.06712
2.53608 -4.90522
3.13171 -0.138009
3.83172 -1.44732
0.936557 -3.98346
3.66085 -0.393903
2.05505 -0.611805
0.832689 -2.60621
-0.625552 -4.51702
2.57053 -0.26183
0.2719 -3.46633
1.18749 -3.03928
1.66969 -3.66252
1.08832 -2.7399
1.75991 -0.620936
4.55575 -2.79544
0.556073 -1.94756
2.26984 -1.06939
0.668502 -1.67325
3.0378 -2.59091
-0.394983 -1.54873
1.45209 -1.02478
1.11506 -2.53347
3.13388 -1.26382
2.91004 -1.30092
2.71641 -3.30398
2.2396 -1.55383
1.63354 -1.67691
2.24771 2.56719
0.165251 -2.28225
4.69216 -3.73309
2.66593 2.17747
0.993739 -1.06765
1.56945 -1.99637
2.13456 -2.26021
0.512768 -1.71485
-1.47412 -1.34292
0.306148 -1.53112
1.09389 -5.33619
-0.757617 -2.10019
4.01054 -1.52216
2.76453 -2.88908
2.16469 -3.59481
2.74228 -3.48869
3.97733 -2.17862
1.93678 -3.08197
-0.185453 -1.91091
2.27831 -1.57962
1.29527 -0.972376
2.62933 -0.540027
2.93406 -1.95229
1.99049 -1.82263
4.35787 -1.41574
2.68621 -4.39373
0.750488 -3.59616
1.12726 1.20389
2.69342 1.77047
1.48641 -4.66707
1.0712 -1.79341
3.92333 -2.5169
2.69379 -1.677
5.54463 -2.12871
-0.384688 -1.84536
1.04556 -3.20622
3.56025 0.557036
2.96373 -5.1588
2.4183 -1.98817
0.63923 -4.79799
1.90754 -4.04105
3.92376 0.11005
4.7045 -1.09898
-0.157712 0.441417
4.74312 -2.07533
0.768936 -2.8872
1.45456 -1.00087
2.74856 -2.30312
3.58111 -3.25471
-0.346423 -2.6049
4.40061 -5.39105
1.81437 -1.22726
3.72942 -1.81129
3.44096 -2.88647
3.1735 -2.58471
1.05378 -3.23526
0.615909 -1.56623
-0.324654 -1.23782
2.70855 -3.83963
0.350492 -3.80572
1.29299 -1.41681
2.82446 -3.61813
4.77704 -1.54213
4.15263 -1.09504
5.54268 -0.952355
0.77923 -0.749869
2.11628 -3.98695
2.53504 -1.32491
1.30803 -2.65577
1.85163 -2.46397
1.16184 -2.88055
3.29281 -3.84674
3.55439 -2.87859
-0.126073 0.320179
2.88699 -0.856215
1.73187 -1.68232
-0.869577 -3.2712
5.28495 -1.68632
3.018 -2.65188
-0.595359 -2.67618
0.755907 -2.88174
3.11493 -0.574225
3.52941 -1.14552
3.08054 -1.37467
1.42693 -3.66423
2.20904 -0.433355
2.20336 -0.868669
0.692913 -2.8229
0.485428 -2.2671
0.892784 -2.60196
0.134065 -0.98471
-0.62837 -1.82353
-0.402757 -2.79568
1.91124 -3.09574
1.42739 -5.98746
2.73508 -4.03119
3.00214 -4.26703
1.12402 -3.35664
0.994946 -2.96506
0.926598 -3.83181
2.86269 -2.00139
3.55587 -2.58388
2.43156 -0.57006
3.75214 -2.40213
1.62444 -2.93056
1.45985 -4.06204
2.16481 -3.46437
2.27861 -0.669497
0.755733 -2.40853
2.32886 -3.05416
4.16886 -1.04572
-0.554429 -1.61311
1.6321 -1.585
2.41656 -1.27149
3.21531 -0.928307
1.40329 -2.57687
3.62651 -4.07783
2.22818 -2.31698
2.82145 -2.87058
3.07193 -3.36344
5.53194 -2.22654
2.75338 -2.20816
4.7221 -1.66213
3.51972 -1.07258
2.2365 -1.88566
2.27624 -2.91472
3.16689 -2.49853
-0.452623 0.0788613
2.42629 -2.87115
1.32523 -3.11994
2.11566 -3.62261
-0.381897 -4.65384
1.62389 -3.11578
4.11184 -0.740277
2.65291 -0.594265
3.41508 -2.7099
1.596 -2.52224
-1.13527 1.2078
0.85353 -2.47044
1.20956 0.0778777
5.05395 -2.44565
2.51353 -0.427421
2.12406 -3.1163
4.11083 -1.57079
3.37095 -1.4334
2.35587 -3.27036
3.18035 -0.872555
5.58692 -3.44391
3.32902 -3.69827
-0.373861 -2.32168
2.59414 -2.36307
-0.360615 -3.05752
3.65514 -3.51758
2.49614 -1.60462
2.9949 -2.1824
1.0243 -2.87533
0.505055 -0.822191
-1.07401 0.52071
1.31757 -2.25459
3.9204 -4.0393
1.75963 -2.17216
3.2715 -1.42208
2.82467 -1.39569
0.230427 -2.43022
1.7297 -1.02688
4.00957 -3.2088
0.172331 -4.12551
2.24662 -2.54139
0.939688 -2.94796
2.21307 1.71973
2.0466 0.960848
2.83657 -3.35447
0.812051 -1.23603
3.67402 -3.82848
1.67143 -1.96533
0.805655 -1.15511
4.45862 -0.596881
0.788813 -1.02681
2.57601 -1.40163
2.75324 -2.37132
0.307339 0.658603
3.62385 -0.199424
1.35051 -2.13525
2.53977 -3.32475
3.09735 -4.96387
-0.0617852 -0.217866
0.694712 -2.48231
0.686184 -3.30001
2.50497 1.89552
1.6526 -1.9675
1.2959 -1.25397
1.35933 -2.17984
2.71481 -1.57062
5.21836 -3.68652
3.57562 1.61045
1.74051 -3.45634
2.56987 -4.38632
2.18507 -1.66631
2.21469 -1.36012
0.504304 -1.86947
1.31207 1.70125
0.578555 0.0934385
3.84795 -1.60551
1.03155 -2.06858
1.02331 -3.29231
2.23285 -2.25754
1.97748 -1.68598
3.12801 -2.67421
2.6921 -1.28199
3.09565 0.692559
0.524979 -0.382103
2.1982 -1.19267
1.04158 -1.01682
0.979167 -3.64081
0.345154 -0.560758
0.997917 -0.41715
1.31625 -2.01352
2.85706 -3.03554
1.262 -2.40389
2.25558 -1.34538
2.70724 -1.30772
2.03154 0.12045
2.11971 -3.18873
-0.703296 -2.14003
2.10322 -0.76075
2.34707 -0.0148408
1.58216 -4.25077
3.43825 -0.36474
4.2462 -0.518927
-0.481097 -1.21992
3.65711 -1.09749
2.93254 -2.84332
1.68295 -5.13807
4.34496 -1.37908
1.68963 -1.44074
1.28728 -2.45392
-0.12364 -2.0921
2.86822 0.239866
1.86724 -3.51629
0.617002 -0.831216
1.92293 -1.05915
0.799842 -3.22455
2.50966 -2.52316
1.57435 -0.199083
2.73666 -1.76661
1.10298 -1.94954
4.31662 -3.33551
2.71275 -2.77464
4.1805 -2.32798
4.77249 -2.11487
1.70369 -0.279308
2.48428 -0.784936
0.256182 -1.9652
2.94101 -1.31619
1.1982 -2.56681
-0.411579 -3.62977
-0.603013 -1.1708
1.13342 -1.26591
1.77903 -4.91178
3.30835 -5.36575
-0.487992 -0.965889
5.01182 -1.69274
4.12756 -2.16302
4.01835 -5.04221
2.6559 -4.23415
1.42222 -1.13712
2.17338 -0.559243
-1.40307 -2.46594
-0.0962325 -5.24288
2.74153 -4.12936
2.76965 -3.6352
-1.9167 -2.40199
4.04246 -3.15259
2.21948 -2.43147
1.38376 -5.39602
2.57336 -4.89661
0.113441 -2.62604
0.635349 -0.442366
2.21544 -1.80233
3.13527 -2.69164
0.992578 -1.26573
2.25265 -2.16243
-0.311129 -3.0168
2.34028 -1.2453
1.242 -4.18535
1.8839 1.47239
-0.0353222 -3.67102
-1.42398 -3.12399
1.36368 -5.13232
2.11934 -2.69583
1.80337 -0.455538
0.632621 0.298823
1.20332 -2.69506
-1.41632 -1.01273
-1.28481 1.35097
0.594356 -2.65247
2.25018 1.0227
0.582634 -0.525332
1.40118 -1.79622
1.52734 -0.197529
1.63382 1.37471
2.46015 -3.74164
